{
 "cells": [
  {
   "cell_type": "markdown",
   "id": "dde99364",
   "metadata": {},
   "source": [
    "# 0. IMPORTING DATASET"
   ]
  },
  {
   "cell_type": "code",
   "execution_count": 4,
   "id": "8b43816d",
   "metadata": {},
   "outputs": [],
   "source": [
    "import pandas as pd \n",
    "data = pd.read_csv('Boston.csv')"
   ]
  },
  {
   "cell_type": "code",
   "execution_count": 5,
   "id": "acc7b104",
   "metadata": {
    "scrolled": true
   },
   "outputs": [
    {
     "name": "stdout",
     "output_type": "stream",
     "text": [
      "        crim    zn  indus  chas    nox     rm   age     dis  rad  tax  \\\n",
      "0    0.00632  18.0   2.31     0  0.538  6.575  65.2  4.0900    1  296   \n",
      "1    0.02731   0.0   7.07     0  0.469  6.421  78.9  4.9671    2  242   \n",
      "2    0.02729   0.0   7.07     0  0.469  7.185  61.1  4.9671    2  242   \n",
      "3    0.03237   0.0   2.18     0  0.458  6.998  45.8  6.0622    3  222   \n",
      "4    0.06905   0.0   2.18     0  0.458  7.147  54.2  6.0622    3  222   \n",
      "..       ...   ...    ...   ...    ...    ...   ...     ...  ...  ...   \n",
      "501  0.06263   0.0  11.93     0  0.573  6.593  69.1  2.4786    1  273   \n",
      "502  0.04527   0.0  11.93     0  0.573  6.120  76.7  2.2875    1  273   \n",
      "503  0.06076   0.0  11.93     0  0.573  6.976  91.0  2.1675    1  273   \n",
      "504  0.10959   0.0  11.93     0  0.573  6.794  89.3  2.3889    1  273   \n",
      "505  0.04741   0.0  11.93     0  0.573  6.030  80.8  2.5050    1  273   \n",
      "\n",
      "     ptratio   black  lstat  medv  \n",
      "0       15.3  396.90   4.98  24.0  \n",
      "1       17.8  396.90   9.14  21.6  \n",
      "2       17.8  392.83   4.03  34.7  \n",
      "3       18.7  394.63   2.94  33.4  \n",
      "4       18.7  396.90   5.33  36.2  \n",
      "..       ...     ...    ...   ...  \n",
      "501     21.0  391.99   9.67  22.4  \n",
      "502     21.0  396.90   9.08  20.6  \n",
      "503     21.0  396.90   5.64  23.9  \n",
      "504     21.0  393.45   6.48  22.0  \n",
      "505     21.0  396.90   7.88  11.9  \n",
      "\n",
      "[506 rows x 14 columns]\n"
     ]
    }
   ],
   "source": [
    "#print\n",
    "df = pd.DataFrame(data)\n",
    "print(df)"
   ]
  },
  {
   "cell_type": "code",
   "execution_count": 6,
   "id": "7cc6124b",
   "metadata": {
    "scrolled": true
   },
   "outputs": [
    {
     "data": {
      "text/plain": [
       "(506, 14)"
      ]
     },
     "execution_count": 6,
     "metadata": {},
     "output_type": "execute_result"
    }
   ],
   "source": [
    "df.shape"
   ]
  },
  {
   "cell_type": "code",
   "execution_count": 7,
   "id": "8499fa0d",
   "metadata": {},
   "outputs": [
    {
     "data": {
      "text/html": [
       "<div>\n",
       "<style scoped>\n",
       "    .dataframe tbody tr th:only-of-type {\n",
       "        vertical-align: middle;\n",
       "    }\n",
       "\n",
       "    .dataframe tbody tr th {\n",
       "        vertical-align: top;\n",
       "    }\n",
       "\n",
       "    .dataframe thead th {\n",
       "        text-align: right;\n",
       "    }\n",
       "</style>\n",
       "<table border=\"1\" class=\"dataframe\">\n",
       "  <thead>\n",
       "    <tr style=\"text-align: right;\">\n",
       "      <th></th>\n",
       "      <th>crim</th>\n",
       "      <th>zn</th>\n",
       "      <th>indus</th>\n",
       "      <th>chas</th>\n",
       "      <th>nox</th>\n",
       "      <th>rm</th>\n",
       "      <th>age</th>\n",
       "      <th>dis</th>\n",
       "      <th>rad</th>\n",
       "      <th>tax</th>\n",
       "      <th>ptratio</th>\n",
       "      <th>black</th>\n",
       "      <th>lstat</th>\n",
       "    </tr>\n",
       "  </thead>\n",
       "  <tbody>\n",
       "    <tr>\n",
       "      <th>0</th>\n",
       "      <td>0.00632</td>\n",
       "      <td>18.0</td>\n",
       "      <td>2.31</td>\n",
       "      <td>0</td>\n",
       "      <td>0.538</td>\n",
       "      <td>6.575</td>\n",
       "      <td>65.2</td>\n",
       "      <td>4.0900</td>\n",
       "      <td>1</td>\n",
       "      <td>296</td>\n",
       "      <td>15.3</td>\n",
       "      <td>396.90</td>\n",
       "      <td>4.98</td>\n",
       "    </tr>\n",
       "    <tr>\n",
       "      <th>1</th>\n",
       "      <td>0.02731</td>\n",
       "      <td>0.0</td>\n",
       "      <td>7.07</td>\n",
       "      <td>0</td>\n",
       "      <td>0.469</td>\n",
       "      <td>6.421</td>\n",
       "      <td>78.9</td>\n",
       "      <td>4.9671</td>\n",
       "      <td>2</td>\n",
       "      <td>242</td>\n",
       "      <td>17.8</td>\n",
       "      <td>396.90</td>\n",
       "      <td>9.14</td>\n",
       "    </tr>\n",
       "    <tr>\n",
       "      <th>2</th>\n",
       "      <td>0.02729</td>\n",
       "      <td>0.0</td>\n",
       "      <td>7.07</td>\n",
       "      <td>0</td>\n",
       "      <td>0.469</td>\n",
       "      <td>7.185</td>\n",
       "      <td>61.1</td>\n",
       "      <td>4.9671</td>\n",
       "      <td>2</td>\n",
       "      <td>242</td>\n",
       "      <td>17.8</td>\n",
       "      <td>392.83</td>\n",
       "      <td>4.03</td>\n",
       "    </tr>\n",
       "    <tr>\n",
       "      <th>3</th>\n",
       "      <td>0.03237</td>\n",
       "      <td>0.0</td>\n",
       "      <td>2.18</td>\n",
       "      <td>0</td>\n",
       "      <td>0.458</td>\n",
       "      <td>6.998</td>\n",
       "      <td>45.8</td>\n",
       "      <td>6.0622</td>\n",
       "      <td>3</td>\n",
       "      <td>222</td>\n",
       "      <td>18.7</td>\n",
       "      <td>394.63</td>\n",
       "      <td>2.94</td>\n",
       "    </tr>\n",
       "    <tr>\n",
       "      <th>4</th>\n",
       "      <td>0.06905</td>\n",
       "      <td>0.0</td>\n",
       "      <td>2.18</td>\n",
       "      <td>0</td>\n",
       "      <td>0.458</td>\n",
       "      <td>7.147</td>\n",
       "      <td>54.2</td>\n",
       "      <td>6.0622</td>\n",
       "      <td>3</td>\n",
       "      <td>222</td>\n",
       "      <td>18.7</td>\n",
       "      <td>396.90</td>\n",
       "      <td>5.33</td>\n",
       "    </tr>\n",
       "    <tr>\n",
       "      <th>...</th>\n",
       "      <td>...</td>\n",
       "      <td>...</td>\n",
       "      <td>...</td>\n",
       "      <td>...</td>\n",
       "      <td>...</td>\n",
       "      <td>...</td>\n",
       "      <td>...</td>\n",
       "      <td>...</td>\n",
       "      <td>...</td>\n",
       "      <td>...</td>\n",
       "      <td>...</td>\n",
       "      <td>...</td>\n",
       "      <td>...</td>\n",
       "    </tr>\n",
       "    <tr>\n",
       "      <th>501</th>\n",
       "      <td>0.06263</td>\n",
       "      <td>0.0</td>\n",
       "      <td>11.93</td>\n",
       "      <td>0</td>\n",
       "      <td>0.573</td>\n",
       "      <td>6.593</td>\n",
       "      <td>69.1</td>\n",
       "      <td>2.4786</td>\n",
       "      <td>1</td>\n",
       "      <td>273</td>\n",
       "      <td>21.0</td>\n",
       "      <td>391.99</td>\n",
       "      <td>9.67</td>\n",
       "    </tr>\n",
       "    <tr>\n",
       "      <th>502</th>\n",
       "      <td>0.04527</td>\n",
       "      <td>0.0</td>\n",
       "      <td>11.93</td>\n",
       "      <td>0</td>\n",
       "      <td>0.573</td>\n",
       "      <td>6.120</td>\n",
       "      <td>76.7</td>\n",
       "      <td>2.2875</td>\n",
       "      <td>1</td>\n",
       "      <td>273</td>\n",
       "      <td>21.0</td>\n",
       "      <td>396.90</td>\n",
       "      <td>9.08</td>\n",
       "    </tr>\n",
       "    <tr>\n",
       "      <th>503</th>\n",
       "      <td>0.06076</td>\n",
       "      <td>0.0</td>\n",
       "      <td>11.93</td>\n",
       "      <td>0</td>\n",
       "      <td>0.573</td>\n",
       "      <td>6.976</td>\n",
       "      <td>91.0</td>\n",
       "      <td>2.1675</td>\n",
       "      <td>1</td>\n",
       "      <td>273</td>\n",
       "      <td>21.0</td>\n",
       "      <td>396.90</td>\n",
       "      <td>5.64</td>\n",
       "    </tr>\n",
       "    <tr>\n",
       "      <th>504</th>\n",
       "      <td>0.10959</td>\n",
       "      <td>0.0</td>\n",
       "      <td>11.93</td>\n",
       "      <td>0</td>\n",
       "      <td>0.573</td>\n",
       "      <td>6.794</td>\n",
       "      <td>89.3</td>\n",
       "      <td>2.3889</td>\n",
       "      <td>1</td>\n",
       "      <td>273</td>\n",
       "      <td>21.0</td>\n",
       "      <td>393.45</td>\n",
       "      <td>6.48</td>\n",
       "    </tr>\n",
       "    <tr>\n",
       "      <th>505</th>\n",
       "      <td>0.04741</td>\n",
       "      <td>0.0</td>\n",
       "      <td>11.93</td>\n",
       "      <td>0</td>\n",
       "      <td>0.573</td>\n",
       "      <td>6.030</td>\n",
       "      <td>80.8</td>\n",
       "      <td>2.5050</td>\n",
       "      <td>1</td>\n",
       "      <td>273</td>\n",
       "      <td>21.0</td>\n",
       "      <td>396.90</td>\n",
       "      <td>7.88</td>\n",
       "    </tr>\n",
       "  </tbody>\n",
       "</table>\n",
       "<p>506 rows × 13 columns</p>\n",
       "</div>"
      ],
      "text/plain": [
       "        crim    zn  indus  chas    nox     rm   age     dis  rad  tax  \\\n",
       "0    0.00632  18.0   2.31     0  0.538  6.575  65.2  4.0900    1  296   \n",
       "1    0.02731   0.0   7.07     0  0.469  6.421  78.9  4.9671    2  242   \n",
       "2    0.02729   0.0   7.07     0  0.469  7.185  61.1  4.9671    2  242   \n",
       "3    0.03237   0.0   2.18     0  0.458  6.998  45.8  6.0622    3  222   \n",
       "4    0.06905   0.0   2.18     0  0.458  7.147  54.2  6.0622    3  222   \n",
       "..       ...   ...    ...   ...    ...    ...   ...     ...  ...  ...   \n",
       "501  0.06263   0.0  11.93     0  0.573  6.593  69.1  2.4786    1  273   \n",
       "502  0.04527   0.0  11.93     0  0.573  6.120  76.7  2.2875    1  273   \n",
       "503  0.06076   0.0  11.93     0  0.573  6.976  91.0  2.1675    1  273   \n",
       "504  0.10959   0.0  11.93     0  0.573  6.794  89.3  2.3889    1  273   \n",
       "505  0.04741   0.0  11.93     0  0.573  6.030  80.8  2.5050    1  273   \n",
       "\n",
       "     ptratio   black  lstat  \n",
       "0       15.3  396.90   4.98  \n",
       "1       17.8  396.90   9.14  \n",
       "2       17.8  392.83   4.03  \n",
       "3       18.7  394.63   2.94  \n",
       "4       18.7  396.90   5.33  \n",
       "..       ...     ...    ...  \n",
       "501     21.0  391.99   9.67  \n",
       "502     21.0  396.90   9.08  \n",
       "503     21.0  396.90   5.64  \n",
       "504     21.0  393.45   6.48  \n",
       "505     21.0  396.90   7.88  \n",
       "\n",
       "[506 rows x 13 columns]"
      ]
     },
     "execution_count": 7,
     "metadata": {},
     "output_type": "execute_result"
    }
   ],
   "source": [
    "X = df.iloc[:,:13]\n",
    "X"
   ]
  },
  {
   "cell_type": "code",
   "execution_count": 8,
   "id": "afdb41bf",
   "metadata": {
    "scrolled": true
   },
   "outputs": [
    {
     "data": {
      "text/html": [
       "<div>\n",
       "<style scoped>\n",
       "    .dataframe tbody tr th:only-of-type {\n",
       "        vertical-align: middle;\n",
       "    }\n",
       "\n",
       "    .dataframe tbody tr th {\n",
       "        vertical-align: top;\n",
       "    }\n",
       "\n",
       "    .dataframe thead th {\n",
       "        text-align: right;\n",
       "    }\n",
       "</style>\n",
       "<table border=\"1\" class=\"dataframe\">\n",
       "  <thead>\n",
       "    <tr style=\"text-align: right;\">\n",
       "      <th></th>\n",
       "      <th>medv</th>\n",
       "    </tr>\n",
       "  </thead>\n",
       "  <tbody>\n",
       "    <tr>\n",
       "      <th>0</th>\n",
       "      <td>24.0</td>\n",
       "    </tr>\n",
       "    <tr>\n",
       "      <th>1</th>\n",
       "      <td>21.6</td>\n",
       "    </tr>\n",
       "    <tr>\n",
       "      <th>2</th>\n",
       "      <td>34.7</td>\n",
       "    </tr>\n",
       "    <tr>\n",
       "      <th>3</th>\n",
       "      <td>33.4</td>\n",
       "    </tr>\n",
       "    <tr>\n",
       "      <th>4</th>\n",
       "      <td>36.2</td>\n",
       "    </tr>\n",
       "    <tr>\n",
       "      <th>...</th>\n",
       "      <td>...</td>\n",
       "    </tr>\n",
       "    <tr>\n",
       "      <th>501</th>\n",
       "      <td>22.4</td>\n",
       "    </tr>\n",
       "    <tr>\n",
       "      <th>502</th>\n",
       "      <td>20.6</td>\n",
       "    </tr>\n",
       "    <tr>\n",
       "      <th>503</th>\n",
       "      <td>23.9</td>\n",
       "    </tr>\n",
       "    <tr>\n",
       "      <th>504</th>\n",
       "      <td>22.0</td>\n",
       "    </tr>\n",
       "    <tr>\n",
       "      <th>505</th>\n",
       "      <td>11.9</td>\n",
       "    </tr>\n",
       "  </tbody>\n",
       "</table>\n",
       "<p>506 rows × 1 columns</p>\n",
       "</div>"
      ],
      "text/plain": [
       "     medv\n",
       "0    24.0\n",
       "1    21.6\n",
       "2    34.7\n",
       "3    33.4\n",
       "4    36.2\n",
       "..    ...\n",
       "501  22.4\n",
       "502  20.6\n",
       "503  23.9\n",
       "504  22.0\n",
       "505  11.9\n",
       "\n",
       "[506 rows x 1 columns]"
      ]
     },
     "execution_count": 8,
     "metadata": {},
     "output_type": "execute_result"
    }
   ],
   "source": [
    "Y = df.iloc[:,13:14]\n",
    "Y"
   ]
  },
  {
   "cell_type": "code",
   "execution_count": 9,
   "id": "d0abfb4b",
   "metadata": {},
   "outputs": [
    {
     "data": {
      "text/html": [
       "<div>\n",
       "<style scoped>\n",
       "    .dataframe tbody tr th:only-of-type {\n",
       "        vertical-align: middle;\n",
       "    }\n",
       "\n",
       "    .dataframe tbody tr th {\n",
       "        vertical-align: top;\n",
       "    }\n",
       "\n",
       "    .dataframe thead th {\n",
       "        text-align: right;\n",
       "    }\n",
       "</style>\n",
       "<table border=\"1\" class=\"dataframe\">\n",
       "  <thead>\n",
       "    <tr style=\"text-align: right;\">\n",
       "      <th></th>\n",
       "      <th>crim</th>\n",
       "      <th>zn</th>\n",
       "      <th>indus</th>\n",
       "      <th>chas</th>\n",
       "      <th>nox</th>\n",
       "      <th>rm</th>\n",
       "      <th>age</th>\n",
       "      <th>dis</th>\n",
       "      <th>rad</th>\n",
       "      <th>tax</th>\n",
       "      <th>ptratio</th>\n",
       "      <th>black</th>\n",
       "      <th>lstat</th>\n",
       "    </tr>\n",
       "  </thead>\n",
       "  <tbody>\n",
       "    <tr>\n",
       "      <th>505</th>\n",
       "      <td>0.04741</td>\n",
       "      <td>0.0</td>\n",
       "      <td>11.93</td>\n",
       "      <td>0</td>\n",
       "      <td>0.573</td>\n",
       "      <td>6.03</td>\n",
       "      <td>80.8</td>\n",
       "      <td>2.505</td>\n",
       "      <td>1</td>\n",
       "      <td>273</td>\n",
       "      <td>21.0</td>\n",
       "      <td>396.9</td>\n",
       "      <td>7.88</td>\n",
       "    </tr>\n",
       "  </tbody>\n",
       "</table>\n",
       "</div>"
      ],
      "text/plain": [
       "        crim   zn  indus  chas    nox    rm   age    dis  rad  tax  ptratio  \\\n",
       "505  0.04741  0.0  11.93     0  0.573  6.03  80.8  2.505    1  273     21.0   \n",
       "\n",
       "     black  lstat  \n",
       "505  396.9   7.88  "
      ]
     },
     "execution_count": 9,
     "metadata": {},
     "output_type": "execute_result"
    }
   ],
   "source": [
    "xnew = df.iloc[505:506,:13]\n",
    "xnew"
   ]
  },
  {
   "cell_type": "markdown",
   "id": "4eb9c874",
   "metadata": {},
   "source": [
    "# 1.KNN-C"
   ]
  },
  {
   "cell_type": "code",
   "execution_count": null,
   "id": "0fa36cde",
   "metadata": {},
   "outputs": [],
   "source": []
  },
  {
   "cell_type": "markdown",
   "id": "b13ac6ba",
   "metadata": {},
   "source": [
    "# 2 KNN-R\n"
   ]
  },
  {
   "cell_type": "code",
   "execution_count": 10,
   "id": "c4e816c2",
   "metadata": {},
   "outputs": [],
   "source": [
    "import numpy as np\n",
    "import pandas as pd\n",
    "dataFrame = pd.read_csv('Boston.csv')\n",
    "rows = 506\n",
    "cols=14\n",
    "Dataset = np.zeros((rows-1,cols-1))\n",
    "YR = np.zeros((rows-1))\n",
    "Wholedataset = np.array(dataFrame)\n",
    "\n",
    "for i in range(rows-1):\n",
    "    for j in range(cols-1):\n",
    "        Dataset[i][j] = Wholedataset[i][j]\n",
    "for i in range(rows-1):\n",
    "    YR[i] = Wholedataset[i][13]\n",
    "newdata = np.array([0.04741,0,11.93,0,0.573,6.03,80.8,2.505,1,273,21,396.9,7.88])"
   ]
  },
  {
   "cell_type": "code",
   "execution_count": 11,
   "id": "9cf62108",
   "metadata": {},
   "outputs": [
    {
     "name": "stdout",
     "output_type": "stream",
     "text": [
      "KNN-r 23.759999999999998\n"
     ]
    }
   ],
   "source": [
    "distances = []\n",
    "YValues = []\n",
    "KR =5\n",
    "sum1 = 0\n",
    "for i in range(rows-1):\n",
    "    distance= ((Dataset[i,:]-newdata) **2).sum()\n",
    "    distances.append([distance,i])\n",
    "distances = sorted(distances)\n",
    "\n",
    "for i in range(KR):\n",
    "    index = distances[i][1]\n",
    "    YValues.append(YR[index])\n",
    "\n",
    "for i in range(KR):\n",
    "    sum1 = sum1 + YValues[i]\n",
    "avg = sum1/KR\n",
    "\n",
    "print(\"KNN-r\",avg)"
   ]
  },
  {
   "cell_type": "markdown",
   "id": "3920ff2d",
   "metadata": {},
   "source": [
    "# 3 Implement MLR in the dataset"
   ]
  },
  {
   "cell_type": "code",
   "execution_count": 12,
   "id": "1c540690",
   "metadata": {},
   "outputs": [
    {
     "name": "stdout",
     "output_type": "stream",
     "text": [
      "               0          1          2          3          4          5    \\\n",
      "crim       0.00632    0.02731    0.02729    0.03237    0.06905    0.02985   \n",
      "zn        18.00000    0.00000    0.00000    0.00000    0.00000    0.00000   \n",
      "indus      2.31000    7.07000    7.07000    2.18000    2.18000    2.18000   \n",
      "chas       0.00000    0.00000    0.00000    0.00000    0.00000    0.00000   \n",
      "nox        0.53800    0.46900    0.46900    0.45800    0.45800    0.45800   \n",
      "rm         6.57500    6.42100    7.18500    6.99800    7.14700    6.43000   \n",
      "age       65.20000   78.90000   61.10000   45.80000   54.20000   58.70000   \n",
      "dis        4.09000    4.96710    4.96710    6.06220    6.06220    6.06220   \n",
      "rad        1.00000    2.00000    2.00000    3.00000    3.00000    3.00000   \n",
      "tax      296.00000  242.00000  242.00000  222.00000  222.00000  222.00000   \n",
      "ptratio   15.30000   17.80000   17.80000   18.70000   18.70000   18.70000   \n",
      "black    396.90000  396.90000  392.83000  394.63000  396.90000  394.12000   \n",
      "lstat      4.98000    9.14000    4.03000    2.94000    5.33000    5.21000   \n",
      "\n",
      "               6          7          8          9    ...       496        497  \\\n",
      "crim       0.08829    0.14455    0.21124    0.17004  ...    0.2896    0.26838   \n",
      "zn        12.50000   12.50000   12.50000   12.50000  ...    0.0000    0.00000   \n",
      "indus      7.87000    7.87000    7.87000    7.87000  ...    9.6900    9.69000   \n",
      "chas       0.00000    0.00000    0.00000    0.00000  ...    0.0000    0.00000   \n",
      "nox        0.52400    0.52400    0.52400    0.52400  ...    0.5850    0.58500   \n",
      "rm         6.01200    6.17200    5.63100    6.00400  ...    5.3900    5.79400   \n",
      "age       66.60000   96.10000  100.00000   85.90000  ...   72.9000   70.60000   \n",
      "dis        5.56050    5.95050    6.08210    6.59210  ...    2.7986    2.89270   \n",
      "rad        5.00000    5.00000    5.00000    5.00000  ...    6.0000    6.00000   \n",
      "tax      311.00000  311.00000  311.00000  311.00000  ...  391.0000  391.00000   \n",
      "ptratio   15.20000   15.20000   15.20000   15.20000  ...   19.2000   19.20000   \n",
      "black    395.60000  396.90000  386.63000  386.71000  ...  396.9000  396.90000   \n",
      "lstat     12.43000   19.15000   29.93000   17.10000  ...   21.1400   14.10000   \n",
      "\n",
      "               498        499        500        501        502        503  \\\n",
      "crim       0.23912    0.17783    0.22438    0.06263    0.04527    0.06076   \n",
      "zn         0.00000    0.00000    0.00000    0.00000    0.00000    0.00000   \n",
      "indus      9.69000    9.69000    9.69000   11.93000   11.93000   11.93000   \n",
      "chas       0.00000    0.00000    0.00000    0.00000    0.00000    0.00000   \n",
      "nox        0.58500    0.58500    0.58500    0.57300    0.57300    0.57300   \n",
      "rm         6.01900    5.56900    6.02700    6.59300    6.12000    6.97600   \n",
      "age       65.30000   73.50000   79.70000   69.10000   76.70000   91.00000   \n",
      "dis        2.40910    2.39990    2.49820    2.47860    2.28750    2.16750   \n",
      "rad        6.00000    6.00000    6.00000    1.00000    1.00000    1.00000   \n",
      "tax      391.00000  391.00000  391.00000  273.00000  273.00000  273.00000   \n",
      "ptratio   19.20000   19.20000   19.20000   21.00000   21.00000   21.00000   \n",
      "black    396.90000  395.77000  396.90000  391.99000  396.90000  396.90000   \n",
      "lstat     12.92000   15.10000   14.33000    9.67000    9.08000    5.64000   \n",
      "\n",
      "               504        505  \n",
      "crim       0.10959    0.04741  \n",
      "zn         0.00000    0.00000  \n",
      "indus     11.93000   11.93000  \n",
      "chas       0.00000    0.00000  \n",
      "nox        0.57300    0.57300  \n",
      "rm         6.79400    6.03000  \n",
      "age       89.30000   80.80000  \n",
      "dis        2.38890    2.50500  \n",
      "rad        1.00000    1.00000  \n",
      "tax      273.00000  273.00000  \n",
      "ptratio   21.00000   21.00000  \n",
      "black    393.45000  396.90000  \n",
      "lstat      6.48000    7.88000  \n",
      "\n",
      "[13 rows x 506 columns]\n"
     ]
    }
   ],
   "source": [
    "import numpy as np\n",
    "#Transpose\n",
    "XT = X.transpose()\n",
    "print(XT)\n",
    "\n"
   ]
  },
  {
   "cell_type": "code",
   "execution_count": 13,
   "id": "71050b69",
   "metadata": {},
   "outputs": [
    {
     "name": "stdout",
     "output_type": "stream",
     "text": [
      "[[4.39703436e+04 4.68702660e+02 3.24790952e+04 6.48084600e+01\n",
      "  1.22612317e+03 1.08219511e+04 1.68514980e+05 3.46627456e+03\n",
      "  4.11186651e+04 1.17307321e+06 3.64715518e+04 4.99455291e+05\n",
      "  3.72684187e+04]\n",
      " [4.68702660e+02 3.40029000e+05 2.09030900e+04 2.70000000e+02\n",
      "  2.48444175e+03 3.87184670e+04 2.05485400e+05 3.82992940e+04\n",
      "  2.29180000e+04 1.72295450e+06 9.61321500e+04 2.23960499e+06\n",
      "  3.80196800e+04]\n",
      " [3.24790952e+04 2.09030900e+04 8.65256299e+04 4.45170000e+02\n",
      "  3.43239536e+03 3.44618165e+04 4.49313490e+05 1.62206733e+04\n",
      "  7.17656500e+04 2.72134904e+06 1.06875320e+05 1.89702529e+06\n",
      "  8.62407050e+04]\n",
      " [6.48084600e+01 2.70000000e+02 4.45170000e+02 3.50000000e+01\n",
      "  2.07699000e+01 2.28186000e+02 2.71250000e+03 1.06039800e+02\n",
      "  3.26000000e+02 1.35190000e+04 6.12200000e+02 1.30549100e+04\n",
      "  3.93460000e+02]\n",
      " [1.22612317e+03 2.48444175e+03 3.43239536e+03 2.07699000e+01\n",
      "  1.62470380e+02 1.75151941e+03 2.04522016e+04 9.70389866e+02\n",
      "  2.99183590e+03 1.21170623e+05 5.20395546e+03 9.80793458e+04\n",
      "  3.79832520e+03]\n",
      " [1.08219511e+04 3.87184670e+04 3.44618165e+04 2.28186000e+02\n",
      "  1.75151941e+03 2.02345982e+04 2.15670176e+05 1.22216807e+04\n",
      "  2.97190270e+04 1.28073971e+06 5.84159728e+04 1.13838092e+06\n",
      "  3.86817880e+04]\n",
      " [1.68514980e+05 2.05485400e+05 4.49313490e+05 2.71250000e+03\n",
      "  2.04522016e+04 2.15670176e+05 2.77961463e+06 1.09297470e+05\n",
      "  3.87798200e+05 1.53787387e+07 6.48434860e+05 1.20212117e+07\n",
      "  5.00191627e+05]\n",
      " [3.46627456e+03 3.82992940e+04 1.62206733e+04 1.06039800e+02\n",
      "  9.70389866e+02 1.22216807e+04 1.09297470e+05 9.52676624e+03\n",
      "  1.37581790e+04 6.88153759e+05 3.49048200e+04 7.13218527e+05\n",
      "  2.05235399e+04]\n",
      " [4.11186651e+04 2.29180000e+04 7.17656500e+04 3.26000000e+02\n",
      "  2.99183590e+03 2.97190270e+04 3.87798200e+05 1.37581790e+04\n",
      "  8.44300000e+04 2.64715900e+06 9.36013000e+04 1.54504443e+06\n",
      "  7.64842500e+04]\n",
      " [1.17307321e+06 1.72295450e+06 2.72134904e+06 1.35190000e+04\n",
      "  1.21170623e+05 1.28073971e+06 1.53787387e+07 6.88153759e+05\n",
      "  2.64715900e+06 9.86731360e+07 3.89724000e+06 7.02444962e+07\n",
      "  2.94434880e+06]\n",
      " [3.64715518e+04 9.61321500e+04 1.06875320e+05 6.12200000e+02\n",
      "  5.20395546e+03 5.84159728e+04 6.48434860e+05 3.49048200e+04\n",
      "  9.36013000e+04 3.89724000e+06 1.74713930e+05 3.31309538e+06\n",
      "  1.21080909e+05]\n",
      " [4.99455291e+05 2.23960499e+06 1.89702529e+06 1.30549100e+04\n",
      "  9.80793458e+04 1.13838092e+06 1.20212117e+07 7.13218527e+05\n",
      "  1.54504443e+06 7.02444962e+07 3.31309538e+06 6.85805305e+07\n",
      "  2.16306056e+06]\n",
      " [3.72684187e+04 3.80196800e+04 8.62407050e+04 3.93460000e+02\n",
      "  3.79832520e+03 3.86817880e+04 5.00191627e+05 2.05235399e+04\n",
      "  7.64842500e+04 2.94434880e+06 1.21080909e+05 2.16306056e+06\n",
      "  1.06762958e+05]]\n"
     ]
    }
   ],
   "source": [
    "#Dot product of XTX\n",
    "XTX=np.dot(XT,X)\n",
    "print(XTX)"
   ]
  },
  {
   "cell_type": "code",
   "execution_count": 14,
   "id": "a01d0d01",
   "metadata": {
    "scrolled": true
   },
   "outputs": [
    {
     "name": "stdout",
     "output_type": "stream",
     "text": [
      "[[ 4.77679420e-05 -1.77639818e-06  3.65436158e-06  6.07165346e-05\n",
      "   1.36416009e-04 -1.18002436e-05  4.02982362e-08  2.73366113e-05\n",
      "  -2.40759033e-05  2.63959004e-08 -3.37270898e-06  3.86699871e-07\n",
      "  -1.27292879e-05]\n",
      " [-1.77639818e-06  8.36403150e-06  4.03591354e-06 -8.08848326e-06\n",
      "   5.35927145e-05 -4.39231257e-05  9.87579867e-07 -4.99747370e-05\n",
      "   4.54926112e-06 -5.17551938e-07  2.36985506e-05 -2.98513682e-08\n",
      "  -1.85921319e-06]\n",
      " [ 3.65436158e-06  4.03591354e-06  1.67415802e-04 -2.38781239e-04\n",
      "  -2.43450294e-03  1.50301397e-04 -2.10299192e-07  1.25848769e-04\n",
      "   4.75502048e-05 -4.43474917e-06 -3.44071168e-05  3.63805766e-07\n",
      "  -8.22935145e-06]\n",
      " [ 6.07165346e-05 -8.08848326e-06 -2.38781239e-04  3.29414817e-02\n",
      "  -7.07147720e-03 -8.06778484e-04 -2.45040505e-05  4.65339910e-05\n",
      "  -2.53512425e-04  1.70106865e-05  3.87256771e-04 -6.08733276e-06\n",
      "   9.95427936e-05]\n",
      " [ 1.36416009e-04  5.35927145e-05 -2.43450294e-03 -7.07147720e-03\n",
      "   4.54821036e-01 -2.08337599e-02 -4.90916836e-04  2.96583610e-03\n",
      "   1.48825317e-04 -8.56763975e-05  4.82006088e-05 -3.84041487e-05\n",
      "  -1.99752184e-03]\n",
      " [-1.18002436e-05 -4.39231257e-05  1.50301397e-04 -8.06778484e-04\n",
      "  -2.08337599e-02  3.85222786e-03 -3.60196634e-05 -4.40166617e-04\n",
      "   5.39911689e-05 -2.31480474e-07 -6.45976269e-04 -5.08943399e-06\n",
      "   3.03608432e-04]\n",
      " [ 4.02982362e-08  9.87579867e-07 -2.10299192e-07 -2.45040505e-05\n",
      "  -4.90916836e-04 -3.60196634e-05  7.69417827e-06  3.75976074e-05\n",
      "   2.01576374e-06 -4.57133499e-08 -2.11780128e-06 -6.16638682e-08\n",
      "  -9.39721546e-06]\n",
      " [ 2.73366113e-05 -4.99747370e-05  1.25848769e-04  4.65339910e-05\n",
      "   2.96583610e-03 -4.40166617e-04  3.75976074e-05  1.54298447e-03\n",
      "   6.88338101e-05 -1.94485701e-06 -3.55797779e-04 -1.94550218e-06\n",
      "  -6.51205452e-05]\n",
      " [-2.40759033e-05  4.54926112e-06  4.75502048e-05 -2.53512425e-04\n",
      "   1.48825317e-04  5.39911689e-05  2.01576374e-06  6.88338101e-05\n",
      "   1.79648524e-04 -8.38572789e-06 -7.02540449e-06  1.22930680e-06\n",
      "   7.40286972e-06]\n",
      " [ 2.63959004e-08 -5.17551938e-07 -4.43474917e-06  1.70106865e-05\n",
      "  -8.56763975e-05 -2.31480474e-07 -4.57133499e-08 -1.94485701e-06\n",
      "  -8.38572789e-06  6.20506011e-07 -3.08190812e-06 -2.34977137e-09\n",
      "  -1.47514708e-07]\n",
      " [-3.37270898e-06  2.36985506e-05 -3.44071168e-05  3.87256771e-04\n",
      "   4.82006088e-05 -6.45976269e-04 -2.11780128e-06 -3.55797779e-04\n",
      "  -7.02540449e-06 -3.08190812e-06  4.86678694e-04 -3.25193485e-06\n",
      "  -6.62799291e-05]\n",
      " [ 3.86699871e-07 -2.98513682e-08  3.63805766e-07 -6.08733276e-06\n",
      "  -3.84041487e-05 -5.08943399e-06 -6.16638682e-08 -1.94550218e-06\n",
      "   1.22930680e-06 -2.34977137e-09 -3.25193485e-06  2.93158167e-07\n",
      "   4.10067265e-07]\n",
      " [-1.27292879e-05 -1.85921319e-06 -8.22935145e-06  9.95427936e-05\n",
      "  -1.99752184e-03  3.03608432e-04 -9.39721546e-06 -6.51205452e-05\n",
      "   7.40286972e-06 -1.47514708e-07 -6.62799291e-05  4.10067265e-07\n",
      "   1.03987609e-04]]\n"
     ]
    }
   ],
   "source": [
    "#Inverse of XTX\n",
    "XTXI = (np.linalg.inv(XTX))\n",
    "print(XTXI)"
   ]
  },
  {
   "cell_type": "code",
   "execution_count": 15,
   "id": "d5e160fd",
   "metadata": {},
   "outputs": [
    {
     "name": "stdout",
     "output_type": "stream",
     "text": [
      "[[2.56871037e+04]\n",
      " [1.68607800e+05]\n",
      " [1.11564080e+05]\n",
      " [9.95400000e+02]\n",
      " [6.09442791e+03]\n",
      " [7.39240776e+04]\n",
      " [7.32581140e+05]\n",
      " [4.57138742e+04]\n",
      " [9.34451000e+04]\n",
      " [4.28779760e+06]\n",
      " [2.05316730e+05]\n",
      " [4.20804950e+06]\n",
      " [1.19799159e+05]]\n"
     ]
    }
   ],
   "source": [
    "# dot product of XTY\n",
    "XTY = np.dot(XT,Y)\n",
    "print(XTY)"
   ]
  },
  {
   "cell_type": "code",
   "execution_count": 16,
   "id": "ee114c46",
   "metadata": {},
   "outputs": [
    {
     "name": "stdout",
     "output_type": "stream",
     "text": [
      "[[-9.28965170e-02]\n",
      " [ 4.87149552e-02]\n",
      " [-4.05997958e-03]\n",
      " [ 2.85399882e+00]\n",
      " [-2.86843637e+00]\n",
      " [ 5.92814778e+00]\n",
      " [-7.26933458e-03]\n",
      " [-9.68514157e-01]\n",
      " [ 1.71151128e-01]\n",
      " [-9.39621540e-03]\n",
      " [-3.92190926e-01]\n",
      " [ 1.49056102e-02]\n",
      " [-4.16304471e-01]]\n"
     ]
    }
   ],
   "source": [
    "#Find the value of Bita\n",
    "Bt = np.dot(XTXI,XTY)\n",
    "print(Bt)"
   ]
  },
  {
   "cell_type": "code",
   "execution_count": 17,
   "id": "d6dd1dd3",
   "metadata": {},
   "outputs": [
    {
     "name": "stdout",
     "output_type": "stream",
     "text": [
      "[ 1.00000000e+00 -9.28965170e-02  4.87149552e-02 -4.05997958e-03\n",
      "  2.85399882e+00 -2.86843637e+00  5.92814778e+00 -7.26933458e-03\n",
      " -9.68514157e-01  1.71151128e-01 -9.39621540e-03 -3.92190926e-01\n",
      "  1.49056102e-02 -4.16304471e-01]\n"
     ]
    }
   ],
   "source": [
    "#Find the Bita till\n",
    "BtT = np.insert(Bt,0,1)\n",
    "print(BtT)"
   ]
  },
  {
   "cell_type": "code",
   "execution_count": 18,
   "id": "fb9cecb3",
   "metadata": {},
   "outputs": [
    {
     "name": "stdout",
     "output_type": "stream",
     "text": [
      "[[4.741e-02 0.000e+00 1.193e+01 0.000e+00 5.730e-01 6.030e+00 8.080e+01\n",
      "  2.505e+00 1.000e+00 2.730e+02 2.100e+01 3.969e+02 7.880e+00]]\n"
     ]
    }
   ],
   "source": [
    "Xnew = np.array(xnew)\n",
    "print(Xnew)\n"
   ]
  },
  {
   "cell_type": "code",
   "execution_count": 19,
   "id": "4c3a51db",
   "metadata": {},
   "outputs": [
    {
     "name": "stdout",
     "output_type": "stream",
     "text": [
      "[1.000e+00 4.741e-02 0.000e+00 1.193e+01 0.000e+00 5.730e-01 6.030e+00\n",
      " 8.080e+01 2.505e+00 1.000e+00 2.730e+02 2.100e+01 3.969e+02 7.880e+00]\n"
     ]
    }
   ],
   "source": [
    "#X new Til\n",
    "XNT = np.insert(Xnew,0,1)\n",
    "print(XNT)"
   ]
  },
  {
   "cell_type": "code",
   "execution_count": 20,
   "id": "da7e92a2",
   "metadata": {},
   "outputs": [
    {
     "name": "stdout",
     "output_type": "stream",
     "text": [
      "24.04231943205724\n"
     ]
    }
   ],
   "source": [
    "# Find the value of Y new\n",
    "YN = np.dot(BtT,XNT)\n",
    "print(YN)"
   ]
  },
  {
   "cell_type": "markdown",
   "id": "c5e047a9",
   "metadata": {},
   "source": [
    "# 3 Ridge Regression"
   ]
  },
  {
   "cell_type": "code",
   "execution_count": 21,
   "id": "2d8f94b7",
   "metadata": {},
   "outputs": [
    {
     "name": "stdout",
     "output_type": "stream",
     "text": [
      "[[1. 0. 0. 0. 0. 0. 0. 0. 0. 0. 0. 0. 0.]\n",
      " [0. 1. 0. 0. 0. 0. 0. 0. 0. 0. 0. 0. 0.]\n",
      " [0. 0. 1. 0. 0. 0. 0. 0. 0. 0. 0. 0. 0.]\n",
      " [0. 0. 0. 1. 0. 0. 0. 0. 0. 0. 0. 0. 0.]\n",
      " [0. 0. 0. 0. 1. 0. 0. 0. 0. 0. 0. 0. 0.]\n",
      " [0. 0. 0. 0. 0. 1. 0. 0. 0. 0. 0. 0. 0.]\n",
      " [0. 0. 0. 0. 0. 0. 1. 0. 0. 0. 0. 0. 0.]\n",
      " [0. 0. 0. 0. 0. 0. 0. 1. 0. 0. 0. 0. 0.]\n",
      " [0. 0. 0. 0. 0. 0. 0. 0. 1. 0. 0. 0. 0.]\n",
      " [0. 0. 0. 0. 0. 0. 0. 0. 0. 1. 0. 0. 0.]\n",
      " [0. 0. 0. 0. 0. 0. 0. 0. 0. 0. 1. 0. 0.]\n",
      " [0. 0. 0. 0. 0. 0. 0. 0. 0. 0. 0. 1. 0.]\n",
      " [0. 0. 0. 0. 0. 0. 0. 0. 0. 0. 0. 0. 1.]]\n",
      "(13, 13)\n"
     ]
    }
   ],
   "source": [
    "#create IDENTTY matrix\n",
    "I = np.eye(13,13)\n",
    "print(I)\n",
    "print(I.shape)"
   ]
  },
  {
   "cell_type": "code",
   "execution_count": 22,
   "id": "3685162d",
   "metadata": {},
   "outputs": [
    {
     "name": "stdout",
     "output_type": "stream",
     "text": [
      "[[0.9 0.  0.  0.  0.  0.  0.  0.  0.  0.  0.  0.  0. ]\n",
      " [0.  0.9 0.  0.  0.  0.  0.  0.  0.  0.  0.  0.  0. ]\n",
      " [0.  0.  0.9 0.  0.  0.  0.  0.  0.  0.  0.  0.  0. ]\n",
      " [0.  0.  0.  0.9 0.  0.  0.  0.  0.  0.  0.  0.  0. ]\n",
      " [0.  0.  0.  0.  0.9 0.  0.  0.  0.  0.  0.  0.  0. ]\n",
      " [0.  0.  0.  0.  0.  0.9 0.  0.  0.  0.  0.  0.  0. ]\n",
      " [0.  0.  0.  0.  0.  0.  0.9 0.  0.  0.  0.  0.  0. ]\n",
      " [0.  0.  0.  0.  0.  0.  0.  0.9 0.  0.  0.  0.  0. ]\n",
      " [0.  0.  0.  0.  0.  0.  0.  0.  0.9 0.  0.  0.  0. ]\n",
      " [0.  0.  0.  0.  0.  0.  0.  0.  0.  0.9 0.  0.  0. ]\n",
      " [0.  0.  0.  0.  0.  0.  0.  0.  0.  0.  0.9 0.  0. ]\n",
      " [0.  0.  0.  0.  0.  0.  0.  0.  0.  0.  0.  0.9 0. ]\n",
      " [0.  0.  0.  0.  0.  0.  0.  0.  0.  0.  0.  0.  0.9]]\n",
      "(13, 13)\n"
     ]
    }
   ],
   "source": [
    "\n",
    "# take the lamda value =0.5\n",
    "# l= 0.4\n",
    "l=0.9\n",
    "# matrix multiplication\n",
    "IL = np.dot(l,I)\n",
    "print(IL)\n",
    "print(IL.shape)"
   ]
  },
  {
   "cell_type": "code",
   "execution_count": 23,
   "id": "10b15df1",
   "metadata": {},
   "outputs": [
    {
     "name": "stdout",
     "output_type": "stream",
     "text": [
      "[[4.39712436e+04 4.68702660e+02 3.24790952e+04 6.48084600e+01\n",
      "  1.22612317e+03 1.08219511e+04 1.68514980e+05 3.46627456e+03\n",
      "  4.11186651e+04 1.17307321e+06 3.64715518e+04 4.99455291e+05\n",
      "  3.72684187e+04]\n",
      " [4.68702660e+02 3.40029900e+05 2.09030900e+04 2.70000000e+02\n",
      "  2.48444175e+03 3.87184670e+04 2.05485400e+05 3.82992940e+04\n",
      "  2.29180000e+04 1.72295450e+06 9.61321500e+04 2.23960499e+06\n",
      "  3.80196800e+04]\n",
      " [3.24790952e+04 2.09030900e+04 8.65265299e+04 4.45170000e+02\n",
      "  3.43239536e+03 3.44618165e+04 4.49313490e+05 1.62206733e+04\n",
      "  7.17656500e+04 2.72134904e+06 1.06875320e+05 1.89702529e+06\n",
      "  8.62407050e+04]\n",
      " [6.48084600e+01 2.70000000e+02 4.45170000e+02 3.59000000e+01\n",
      "  2.07699000e+01 2.28186000e+02 2.71250000e+03 1.06039800e+02\n",
      "  3.26000000e+02 1.35190000e+04 6.12200000e+02 1.30549100e+04\n",
      "  3.93460000e+02]\n",
      " [1.22612317e+03 2.48444175e+03 3.43239536e+03 2.07699000e+01\n",
      "  1.63370380e+02 1.75151941e+03 2.04522016e+04 9.70389866e+02\n",
      "  2.99183590e+03 1.21170623e+05 5.20395546e+03 9.80793458e+04\n",
      "  3.79832520e+03]\n",
      " [1.08219511e+04 3.87184670e+04 3.44618165e+04 2.28186000e+02\n",
      "  1.75151941e+03 2.02354982e+04 2.15670176e+05 1.22216807e+04\n",
      "  2.97190270e+04 1.28073971e+06 5.84159728e+04 1.13838092e+06\n",
      "  3.86817880e+04]\n",
      " [1.68514980e+05 2.05485400e+05 4.49313490e+05 2.71250000e+03\n",
      "  2.04522016e+04 2.15670176e+05 2.77961553e+06 1.09297470e+05\n",
      "  3.87798200e+05 1.53787387e+07 6.48434860e+05 1.20212117e+07\n",
      "  5.00191627e+05]\n",
      " [3.46627456e+03 3.82992940e+04 1.62206733e+04 1.06039800e+02\n",
      "  9.70389866e+02 1.22216807e+04 1.09297470e+05 9.52766624e+03\n",
      "  1.37581790e+04 6.88153759e+05 3.49048200e+04 7.13218527e+05\n",
      "  2.05235399e+04]\n",
      " [4.11186651e+04 2.29180000e+04 7.17656500e+04 3.26000000e+02\n",
      "  2.99183590e+03 2.97190270e+04 3.87798200e+05 1.37581790e+04\n",
      "  8.44309000e+04 2.64715900e+06 9.36013000e+04 1.54504443e+06\n",
      "  7.64842500e+04]\n",
      " [1.17307321e+06 1.72295450e+06 2.72134904e+06 1.35190000e+04\n",
      "  1.21170623e+05 1.28073971e+06 1.53787387e+07 6.88153759e+05\n",
      "  2.64715900e+06 9.86731369e+07 3.89724000e+06 7.02444962e+07\n",
      "  2.94434880e+06]\n",
      " [3.64715518e+04 9.61321500e+04 1.06875320e+05 6.12200000e+02\n",
      "  5.20395546e+03 5.84159728e+04 6.48434860e+05 3.49048200e+04\n",
      "  9.36013000e+04 3.89724000e+06 1.74714830e+05 3.31309538e+06\n",
      "  1.21080909e+05]\n",
      " [4.99455291e+05 2.23960499e+06 1.89702529e+06 1.30549100e+04\n",
      "  9.80793458e+04 1.13838092e+06 1.20212117e+07 7.13218527e+05\n",
      "  1.54504443e+06 7.02444962e+07 3.31309538e+06 6.85805314e+07\n",
      "  2.16306056e+06]\n",
      " [3.72684187e+04 3.80196800e+04 8.62407050e+04 3.93460000e+02\n",
      "  3.79832520e+03 3.86817880e+04 5.00191627e+05 2.05235399e+04\n",
      "  7.64842500e+04 2.94434880e+06 1.21080909e+05 2.16306056e+06\n",
      "  1.06763858e+05]]\n",
      "(13, 13)\n",
      "[[ 4.77492803e-05 -1.77958668e-06  3.87777828e-06  5.95541327e-05\n",
      "   9.68687849e-05 -9.89312240e-06  8.31063221e-08  2.70320642e-05\n",
      "  -2.40716543e-05  3.28195831e-08 -3.39387334e-06  3.90379606e-07\n",
      "  -1.25544817e-05]\n",
      " [-1.77958668e-06  8.35760572e-06  4.12783832e-06 -7.65783580e-06\n",
      "   3.75169550e-05 -4.30818776e-05  1.00429091e-06 -5.00150665e-05\n",
      "   4.54685180e-06 -5.14517923e-07  2.36480384e-05 -2.88171136e-08\n",
      "  -1.78065996e-06]\n",
      " [ 3.87777828e-06  4.12783832e-06  1.63521356e-04 -2.42445718e-04\n",
      "  -1.72695285e-03  1.17348098e-04 -9.79475857e-07  1.30301187e-04\n",
      "   4.76976107e-05 -4.56302724e-06 -3.41182090e-05  3.03349861e-07\n",
      "  -1.13367614e-05]\n",
      " [ 5.95541327e-05 -7.65783580e-06 -2.42445718e-04  3.19619182e-02\n",
      "  -4.88522481e-03 -8.71886446e-04 -2.59857693e-05  5.79766148e-05\n",
      "  -2.45473491e-04  1.61428063e-05  3.75672613e-04 -6.08357278e-06\n",
